1000
242 159
159 500
242 67
67 631
631 357
67 414
159 533
631 253
357 843
67 164
159 204
253 554
414 479
414 421
253 21
421 910
421 250
421 187
67 726
843 618
67 102
554 912
421 580
618 201
414 665
357 542
542 455
554 306
455 226
631 651
250 783
204 775
455 422
631 175
726 171
187 588
618 851
187 370
533 816
102 239
651 329
187 755
306 762
912 267
201 19
67 350
67 950
239 781
253 549
201 402
204 970
253 833
726 236
851 827
542 839
306 858
175 160
19 774
554 926
201 461
762 270
357 343
500 693
239 687
926 289
350 180
250 251
239 130
912 641
253 467
421 293
350 767
19 93
542 158
242 629
461 746
251 447
67 103
693 307
103 390
201 347
455 506
843 958
858 157
160 309
160 397
422 144
926 304
357 965
204 908
250 707
343 802
402 790
144 541
421 574
629 782
542 108
103 168
306 477
588 460
239 991
93 294
357 934
687 831
908 878
421 52
726 848
541 376
858 452
293 324
180 876
554 182
726 930
908 65
934 548
289 983
253 95
242 918
541 216
782 47
910 982
693 276
370 42
848 865
158 621
549 191
506 493
304 406
833 321
467 59
965 389
533 591
270 686
588 627
631 966
934 801
746 819
390 514
406 154
726 525
580 695
686 209
350 265
357 325
878 830
253 956
164 723
966 119
848 944
934 427
542 431
187 241
250 981
783 583
242 611
389 573
580 228
175 327
876 161
460 442
775 945
421 604
93 719
970 673
187 985
966 63
755 811
479 208
554 576
591 534
329 368
802 539
455 754
719 935
533 512
539 787
583 537
130 555
294 234
265 38
831 967
293 747
226 444
477 891
182 10
830 507
357 786
830 141
442 606
755 413
956 269
141 308
618 940
171 939
159 12
293 388
253 974
827 132
930 407
242 18
306 441
327 257
347 882
618 247
651 84
982 395
985 138
234 310
306 550
42 25
958 469
787 334
247 905
444 384
940 644
306 121
891 988
407 492
627 526
388 8
767 501
707 808
347 710
548 728
102 99
833 497
161 14
388 305
930 382
497 961
138 715
507 605
305 142
406 365
580 683
67 609
52 245
945 393
715 271
507 468
683 439
216 110
441 380
611 292
161 440
395 106
289 660
966 679
390 363
365 466
321 893
786 205
208 263
247 990
402 456
121 874
228 287
728 809
934 166
781 765
687 29
250 503
683 111
811 657
512 855
934 921
974 697
843 568
325 450
308 722
466 472
526 420
466 458
160 544
665 387
324 140
440 881
651 336
368 592
10 366
500 932
965 94
187 616
257 795
102 86
893 739
21 796
503 706
827 504
455 320
427 40
397 44
679 342
59 313
119 471
161 337
257 872
991 532
108 302
144 409
166 920
440 1
414 125
321 943
588 769
783 112
440 842
842 396
65 353
204 74
767 485
327 300
746 49
665 734
830 637
550 797
782 530
305 862
573 951
831 291
25 372
99 820
19 824
471 16
881 519
542 964
208 922
38 994
781 586
921 521
342 434
974 457
65 473
485 322
964 624
542 825
862 596
47 946
406 148
247 465
292 845
507 815
370 643
618 351
159 694
679 249
707 864
164 614
767 432
950 913
84 584
265 622
397 712
697 499
550 233
534 45
180 927
473 401
414 997
99 962
981 902
110 359
512 26
644 669
833 552
855 101
830 662
539 718
951 804
44 259
201 100
728 53
872 454
307 777
943 517
902 836
583 761
982 598
606 316
598 131
63 31
86 570
182 459
517 610
300 634
125 91
627 71
393 538
456 716
882 338
865 448
154 600
965 931
249 971
306 284
512 282
637 980
796 107
368 713
343 39
473 696
554 928
865 9
267 193
450 283
819 978
707 557
472 832
971 729
514 898
499 915
305 6
448 240
988 23
548 675
86 566
342 626
458 998
719 273
811 486
283 244
6 667
913 176
851 690
504 692
442 941
291 261
39 738
263 50
240 880
308 3
458 37
956 863
351 884
359 367
910 502
573 394
734 68
447 96
466 87
141 575
549 496
596 227
534 828
966 369
501 266
512 664
441 489
662 857
84 577
366 146
997 987
401 311
552 602
395 352
874 859
718 214
388 371
367 901
125 124
93 303
971 223
50 491
839 117
10 2
431 907
171 663
912 56
606 810
606 62
477 256
100 691
337 484
665 917
644 658
49 578
420 553
434 788
693 79
801 258
37 449
305 361
140 744
988 151
283 487
695 66
918 419
395 725
244 791
276 653
664 326
308 145
138 793
376 903
934 732
843 295
816 332
101 238
465 197
401 957
193 356
307 436
503 277
396 535
808 760
384 463
74 301
695 28
621 411
855 15
980 470
159 861
16 949
664 889
774 173
998 685
715 666
256 841
347 904
414 262
204 210
197 817
324 812
307 773
325 933
901 838
662 428
413 127
880 360
517 405
980 759
338 481
291 803
366 531
326 911
576 218
997 757
542 623
739 942
755 252
334 340
574 346
432 319
401 317
291 408
777 632
103 509
42 953
218 41
541 22
263 222
729 688
372 589
258 24
44 81
967 743
26 822
882 13
586 416
662 213
951 647
598 184
245 446
643 860
519 708
828 834
289 527
861 385
176 772
665 670
614 792
530 937
765 1000
987 290
808 731
761 633
692 868
538 807
858 751
502 900
670 879
223 274
493 123
84 118
365 76
269 698
441 224
621 582
769 613
627 545
259 849
765 569
305 721
353 798
629 768
23 231
460 150
956 724
103 48
142 960
440 5
95 608
731 260
934 867
804 494
754 483
932 778
751 948
574 64
258 543
958 594
836 288
37 143
983 897
274 281
765 771
761 847
897 17
197 237
616 410
295 914
483 88
387 488
729 973
303 701
277 229
569 114
848 925
361 430
838 172
294 989
81 46
233 418
694 929
231 453
930 348
578 246
824 546
527 115
352 766
322 190
26 565
144 188
554 80
673 92
430 704
188 221
446 4
683 873
271 638
396 475
774 451
611 478
413 433
761 398
214 567
387 823
966 98
771 587
613 511
497 750
878 871
4 906
491 599
514 840
503 648
253 607
56 215
410 619
719 753
282 986
411 556
949 219
808 551
94 870
351 264
644 286
884 299
1000 297
175 417
40 563
931 895
441 232
223 748
637 77
747 976
472 220
45 318
893 181
91 279
434 674
966 268
935 571
545 727
15 642
246 312
725 992
110 20
809 646
679 740
361 43
592 846
102 508
971 959
912 518
557 826
504 711
791 700
491 136
594 383
796 235
492 120
982 443
731 217
796 736
696 524
582 200
736 676
493 572
611 480
828 355
933 85
284 593
67 856
86 482
269 770
775 425
46 996
240 818
787 655
716 924
904 909
407 476
454 135
42 30
801 323
245 169
589 835
574 202
246 122
466 789
834 742
567 423
658 883
14 749
154 564
506 137
295 285
217 733
809 630
228 877
804 212
554 635
507 639
716 703
38 109
774 892
827 330
408 799
29 490
761 333
343 11
676 510
510 805
566 82
915 335
466 625
251 649
480 186
299 844
726 977
572 89
130 78
238 887
387 875
718 737
430 90
229 763
488 601
724 885
706 386
78 424
531 561
361 498
176 189
613 854
326 362
336 474
948 60
868 174
102 255
835 968
419 331
567 207
252 399
216 97
804 54
459 206
944 529
723 560
532 923
245 437
825 654
790 522
669 993
478 243
875 192
623 375
830 581
775 528
40 888
97 955
84 179
428 113
497 126
384 33
257 328
340 403
690 936
907 540
207 139
826 785
809 198
139 590
610 73
542 741
675 27
97 280
996 426
733 869
107 714
303 814
805 995
347 429
5 462
949 756
164 438
582 341
512 345
22 972
107 278
746 780
920 896
845 597
390 195
933 650
582 558
935 344
135 709
824 104
437 128
159 373
222 689
932 984
158 916
540 129
209 379
946 628
964 800
537 298
724 505
174 404
247 58
421 177
110 705
976 954
598 595
658 636
260 167
407 784
351 645
598 133
857 149
980 813
813 684
715 445
309 34
827 400
235 975
124 156
842 585
123 720
205 163
281 829
6 579
748 758
700 779
20 248
430 392
220 165
606 603
950 153
753 358
306 938
825 134
441 947
460 315
921 61
607 7
294 391
13 374
358 36
226 806
102 794
414 652
975 381
544 752
504 764
479 730
623 963
449 680
322 615
586 35
164 776
319 850
850 919
123 296
6 735
722 75
764 272
771 678
927 83
818 681
940 699
624 495
554 415
809 523
961 51
58 886
712 890
737 339
642 178
156 821
505 55
370 203
487 170
241 364
731 516
968 837
608 199
730 640
274 668
882 562
212 520
308 682
555 894
662 377
982 702
422 952
962 677
783 464
705 853
699 899
681 969
539 612
450 412
609 155
590 852
569 435
616 185
514 354
843 72
404 275
281 559
633 314
911 536
77 979
350 105
618 147
785 32
550 672
789 671
616 515
390 69
841 656
725 254
732 999
842 620
598 194
272 211
431 162
819 349
783 225
101 116
24 547
737 866
112 513
502 378
650 230
377 659
545 57
708 196
15 745
455 617
244 70
964 183
607 152
899 661
230 717
44 22 75 13 68 81 6 80 45 4 68 74 77 97 84 27 23 88 96 57 52 73 48 53 30 65 11 98 72 61 63 42 35 52 10 35 59 11 50 55 63 51 0 32 89 35 30 11 51 92 58 38 20 46 14 27 88 86 21 90 39 73 54 66 97 36 10 97 48 1 54 6 52 33 66 69 88 89 80 46 66 20 82 57 42 100 73 63 3 70 74 23 64 26 95 45 47 81 53 89 63 64 41 0 16 13 26 27 39 3 3 30 8 92 93 79 22 71 11 10 46 26 78 94 20 99 10 44 9 61 91 58 71 23 96 37 58 32 91 51 21 43 52 49 34 4 85 69 36 40 96 86 97 97 89 52 68 74 76 3 89 20 60 37 71 34 33 99 25 20 52 41 44 97 6 41 77 18 82 11 29 85 92 13 34 73 91 50 37 50 25 39 24 55 64 14 42 6 56 38 92 41 3 13 82 46 40 40 79 36 47 49 10 27 21 53 56 66 34 43 87 61 82 17 92 6 73 75 61 20 23 41 7 84 19 16 82 36 96 22 62 7 10 3 43 74 74 72 43 85 79 74 66 94 25 22 48 33 13 64 61 74 69 32 2 25 29 85 2 21 17 54 21 48 69 45 86 95 89 98 76 28 51 58 20 76 49 12 7 69 83 11 65 29 12 47 39 42 72 94 51 76 65 33 8 70 80 33 78 94 88 73 53 93 97 98 15 13 92 82 48 77 79 17 54 29 77 25 4 21 100 52 37 95 61 59 38 24 28 24 98 84 79 51 4 43 5 67 47 55 88 0 16 30 79 37 62 83 78 48 30 61 14 85 58 75 59 87 94 99 67 78 7 38 84 60 10 82 43 88 54 90 16 9 25 73 3 68 96 16 72 57 89 78 21 72 36 26 42 81 99 3 15 40 96 9 21 8 46 77 37 71 34 60 81 61 24 32 65 88 42 92 55 7 12 66 96 80 44 68 76 68 59 20 48 30 98 54 92 48 27 56 5 9 29 68 92 55 22 89 7 89 38 99 94 57 88 41 19 64 53 90 45 77 87 86 6 95 63 45 62 88 27 47 90 74 70 68 31 97 0 72 50 33 76 23 80 35 41 11 9 40 23 41 20 73 93 22 99 52 16 2 74 78 3 50 87 86 57 15 53 38 2 35 70 65 78 91 9 81 84 29 67 40 98 40 95 26 16 23 84 59 51 34 59 8 56 83 26 85 17 36 79 54 18 37 50 72 37 82 54 23 78 92 92 99 30 33 77 7 91 25 48 1 24 2 40 48 14 28 52 36 1 56 76 9 81 83 13 84 46 59 35 39 100 38 88 53 18 61 52 50 68 60 95 66 62 86 91 39 9 83 72 90 26 65 4 67 95 78 8 28 15 41 91 31 65 75 75 34 40 60 25 27 50 56 7 34 31 17 80 43 59 52 14 45 82 2 79 10 17 49 20 75 83 65 13 2 87 13 100 48 62 8 71 52 72 57 23 23 42 45 47 19 71 87 69 39 83 33 60 13 54 57 23 53 75 72 21 78 100 40 28 97 25 99 83 45 47 72 89 41 44 83 32 9 90 58 56 31 85 69 20 30 71 72 19 47 59 93 93 56 83 36 86 69 41 14 13 47 67 12 62 40 2 55 96 1 5 23 65 15 78 60 95 52 38 46 11 29 10 99 33 79 87 50 55 93 73 98 82 46 94 46 22 0 76 59 34 0 0 44 62 23 77 14 59 30 22 66 11 59 49 6 48 73 11 33 0 86 51 36 90 66 64 25 30 41 67 36 62 21 47 2 32 43 23 10 18 52 4 83 22 10 66 59 23 41 3 69 68 39 64 62 18 9 9 77 57 5 84 64 69 34 18 4 95 41 37 9 58 19 98 91 41 79 29 35 11 77 74 22 95 90 2 96 13 37 85 79 32 51 22 76 25 92 86 9 98 50 93 18 99 15 55 53 27 87 36 12 91 87 52 49 91 42 42 37 38 31 66 37 54 76 59 3 46 100 54 56 76 97 21 96 43 94 74 27 62 73 9 99 52 44 59 26 13 76 82 37 77 7 54 90 77 1 50 3 92 78 36 9 26 95 7 81 97 48 90 26 0 63 45 9 32 1 45 17 67 80 47 99 14 100 90 46 84 18 96 15 70 33 68 10 52 15 70 98 3 79 23 31 42 98 89 7 84 24 100 71 19 46 78 36 40 57 80 39 10 55 39 39 59 27 45 57 20 80 25 4 49 41 24 13 65 87 22 46 45 99
